1,1,1,1,4,19,24,28,1,1,1,1,26,48,48,48,1,1,1,1,74,105,127,104,1,1,1,53,95,161,148,115,1,41,68,104,126,201,191,142,44,65,102,118,149,192,209,170,90,118,145,161,191,223,222,186,133,170,176,182,207,185,191,183
1,1,1,1,1,19,24,28,1,1,1,1,26,48,48,48,1,1,1,1,74,105,127,104,1,1,1,53,95,161,148,115,1,41,68,104,126,201,191,48,25,35,48,48,48,48,48,48,48,48,48,48,48,48,48,48,48,48,48,48,48,48,48,48
42,41,37,58,176,215,215,215,44,44,51,69,215,215,215,215,51,48,58,85,215,215,215,215,51,62,79,215,215,215,215,215,65,215,215,215,215,215,215,215,215,215,215,215,215,215,215,215,215,215,215,215,215,215,215,215,215,215,215,215,215,215,215,215
23,22,20,31,176,194,194,194,23,23,27,36,190,194,194,194,27,25,31,45,194,194,194,194,27,33,41,194,194,194,194,194,34,161,194,194,194,194,194,194,176,194,194,194,194,194,194,194,194,194,194,194,194,194,194,194,194,194,194,194,194,194,194,194
4,5,5,6,23,56,73,83,2,5,6,8,38,82,83,76,6,5,6,10,56,80,94,78,6,8,9,43,73,120,111,86,8,33,52,78,94,138,138,104,35,51,76,90,111,138,138,128,70,90,109,120,138,138,138,138,100,128,130,133,138,138,138,137
17,26,26,30,109,255,255,255,9,26,30,34,255,255,255,255,30,26,30,46,255,255,255,255,30,34,38,255,255,255,255,255,34,221,255,255,255,255,255,255,238,255,255,255,255,255,255,255,255,255,255,255,255,255,255,255,255,255,255,255,255,255,255,255
3,3,3,3,22,74,95,112,1,3,3,3,49,108,111,102,3,3,3,3,74,105,127,104,3,3,3,53,95,161,148,115,3,41,68,104,126,201,191,142,44,65,102,118,149,192,209,170,90,118,145,161,191,223,222,186,133,170,176,182,207,185,191,183
196,162,142,196,196,190,160,160,171,171,196,196,160,160,160,160,196,190,196,196,160,160,160,160,196,196,215,160,160,160,160,160,196,138,160,160,160,160,160,160,150,160,160,160,160,160,160,160,160,160,160,160,160,160,160,160,160,160,160,160,160,160,160,160
64,215,215,215,202,190,160,160,215,215,215,215,160,160,160,160,215,215,215,215,160,160,160,160,215,215,215,160,160,160,160,160,215,138,160,160,160,160,160,160,150,160,160,160,160,160,160,160,160,160,160,160,160,160,160,160,160,160,160,160,160,160,160,160
49,35,31,49,255,190,160,160,37,37,43,59,160,160,160,160,43,41,49,74,160,160,160,160,43,53,68,160,160,160,160,160,55,138,160,160,160,160,160,160,150,160,160,160,160,160,160,160,160,160,160,160,160,160,160,160,160,160,160,160,160,160,160,160
1,2,2,3,4,50,64,76,2,2,3,3,33,73,75,69,3,2,3,11,50,71,86,70,3,3,4,36,64,109,100,78,3,28,46,70,85,136,129,96,30,44,69,80,101,130,141,115,61,80,98,109,129,151,150,126,90,115,119,123,140,125,129,124
57,190,190,190,178,168,141,141,190,190,190,190,141,141,141,141,190,190,190,190,141,141,141,141,190,190,190,141,141,141,141,141,190,122,141,141,141,141,141,141,133,141,141,141,141,141,141,141,141,141,141,141,141,141,141,141,141,141,141,141,141,141,141,141
7,11,11,14,44,154,197,233,6,11,14,14,102,225,232,213,14,11,14,19,154,218,238,218,14,14,16,111,197,238,238,238,14,87,144,218,238,238,238,238,94,137,213,238,238,238,238,238,188,238,238,238,238,238,238,238,238,238,238,238,238,238,238,238
9,17,17,26,34,255,255,255,17,17,26,26,255,255,255,255,26,17,26,92,255,255,255,255,26,26,34,255,255,255,255,255,26,226,255,255,255,255,255,255,242,255,255,255,255,255,255,255,255,255,255,255,255,255,255,255,255,255,255,255,255,255,255,255
3,4,4,5,20,74,95,112,1,4,5,6,49,108,111,102,5,4,5,8,74,105,127,104,5,6,7,53,95,161,148,115,6,41,68,104,126,201,191,142,44,65,102,118,149,192,209,170,90,118,145,161,191,223,222,186,133,170,176,182,207,185,191,183
255,210,184,255,255,190,160,160,222,222,255,255,160,160,160,160,255,248,255,255,160,160,160,160,255,255,215,160,160,160,160,160,255,138,160,160,160,160,160,160,150,160,160,160,160,160,160,160,160,160,160,160,160,160,160,160,160,160,160,160,160,160,160,160
255,210,184,255,255,196,160,160,171,222,255,255,160,160,160,160,255,248,255,255,160,160,160,160,255,255,215,160,160,160,160,160,255,138,160,160,160,160,160,160,150,160,160,160,160,160,160,160,160,160,160,160,160,160,160,160,160,160,160,160,160,160,160,160
4,6,6,7,26,95,122,144,2,6,7,8,63,139,143,131,7,6,7,11,95,135,163,134,7,8,9,68,122,207,190,148,8,53,88,134,162,255,245,183,57,84,131,152,192,247,255,218,116,152,186,207,245,255,255,239,171,218,226,234,255,238,245,235
2,4,4,6,8,97,124,147,4,4,6,6,64,141,145,133,6,4,6,22,97,137,166,135,6,6,8,70,124,210,193,151,6,54,89,135,164,255,249,185,58,85,133,154,195,251,255,222,118,154,189,210,249,255,255,243,174,222,229,237,255,241,249,239
22,22,20,31,92,112,112,112,23,23,27,36,112,112,112,112,27,25,31,45,112,112,112,112,27,33,42,112,112,112,112,112,34,112,112,112,112,112,112,112,112,112,112,112,112,112,112,112,112,112,112,112,112,112,112,112,112,112,112,112,112,112,112,112
12,16,16,19,92,210,210,210,6,16,19,22,210,210,210,210,19,16,19,29,210,210,210,210,19,22,26,210,210,210,210,210,22,193,210,210,210,210,210,210,210,210,210,210,210,210,210,210,210,210,210,210,210,210,210,210,210,210,210,210,210,210,210,210
4,6,6,8,25,89,114,135,3,6,8,8,59,130,134,123,8,6,8,11,89,126,138,126,8,8,9,64,114,138,138,138,8,50,83,126,138,138,138,138,54,79,123,138,138,138,138,138,109,138,138,138,138,138,138,138,138,138,138,138,138,138,138,138
9,13,13,15,53,123,123,123,5,13,15,17,123,123,123,123,15,13,15,23,123,123,123,123,15,17,19,123,123,123,123,123,17,107,123,123,123,123,123,123,115,123,123,123,123,123,123,123,123,123,123,123,123,123,123,123,123,123,123,123,123,123,123,123
49,35,31,49,202,190,160,160,37,37,43,59,160,160,160,160,43,41,49,74,160,160,160,160,43,53,68,160,160,160,160,160,55,138,160,160,160,160,160,160,150,160,160,160,160,160,160,160,160,160,160,160,160,160,160,160,160,160,160,160,160,160,160,160
49,215,215,215,202,190,160,160,215,215,215,215,160,160,160,160,215,215,215,215,160,160,160,160,215,215,215,160,160,160,160,160,215,138,160,160,160,160,160,160,150,160,160,160,160,160,160,160,160,160,160,160,160,160,160,160,160,160,160,160,160,160,160,160
40,28,25,40,202,190,160,160,30,30,35,48,160,160,160,160,35,33,40,60,160,160,160,160,35,43,55,160,160,160,160,160,45,138,160,160,160,160,160,160,150,160,160,160,160,160,160,160,160,160,160,160,160,160,160,160,160,160,160,160,160,160,160,160
7,11,11,13,45,164,211,249,4,11,13,14,109,240,247,226,13,11,13,19,164,233,255,232,13,14,16,118,211,255,255,255,14,92,152,232,255,255,255,255,99,145,226,255,255,255,255,255,201,255,255,255,255,255,255,255,255,255,255,255,255,255,255,255
7,9,9,11,42,103,134,153,3,9,11,13,69,151,153,140,11,9,11,17,103,148,173,144,11,13,15,78,134,221,205,159,13,61,96,144,173,255,255,192,63,94,140,165,205,255,255,236,128,165,201,221,255,255,255,255,184,236,240,246,255,255,255,253
2,3,3,3,9,33,42,49,1,3,3,3,22,48,49,45,3,3,3,4,33,46,56,46,3,3,4,24,42,71,65,51,3,19,30,46,56,87,84,63,20,29,45,52,66,84,87,75,40,52,64,71,84,87,87,82,59,75,77,80,87,81,84,80
1,2,2,3,3,33,43,50,2,2,3,3,22,48,50,46,3,2,3,8,33,47,57,46,3,3,3,24,43,72,66,52,3,19,31,46,56,87,85,63,20,29,46,53,67,86,87,76,41,53,65,72,85,87,87,83,60,76,78,81,87,82,85,82
3,3,3,3,20,66,84,99,1,3,3,3,44,96,98,90,3,3,3,3,66,93,112,92,3,3,3,47,84,142,131,102,3,37,60,92,111,177,169,125,39,58,90,104,132,169,184,150,80,104,128,142,169,197,196,164,118,150,155,161,183,163,169,162
3,6,6,8,11,126,161,191,6,6,8,8,83,183,188,173,8,6,8,28,126,178,216,176,8,8,11,91,161,255,251,196,8,71,116,176,213,255,255,241,76,111,173,201,253,255,255,255,153,201,246,255,255,255,255,255,226,255,255,255,255,255,255,255
143,255,255,255,255,255,255,255,255,255,255,255,255,255,255,255,255,255,255,255,255,255,255,255,255,255,255,255,255,255,255,255,255,255,255,255,255,255,255,255,255,255,255,255,255,255,255,255,255,255,255,255,255,255,255,255,255,255,255,255,255,255,255,255
64,181,181,181,170,190,160,160,67,181,181,181,160,160,160,160,181,181,181,181,160,160,160,160,181,181,181,160,160,160,160,160,181,138,160,160,160,160,160,160,150,160,160,160,160,160,160,160,160,160,160,160,160,160,160,160,160,160,160,160,160,160,160,160
91,65,59,91,142,203,171,171,72,72,85,110,171,171,171,171,85,78,91,142,171,171,171,171,85,97,229,171,171,171,171,171,104,147,171,171,171,171,171,171,160,171,171,171,171,171,171,171,171,171,171,171,171,171,171,171,171,171,171,171,171,171,171,171
42,48,50,77,120,190,160,160,61,61,72,93,160,160,160,160,72,66,77,196,160,160,160,160,72,82,194,160,160,160,160,160,88,138,160,160,160,160,160,160,150,160,160,160,160,160,160,160,160,160,160,160,160,160,160,160,160,160,160,160,160,160,160,160
21,28,28,33,159,255,255,255,11,28,33,38,255,255,255,255,33,28,33,51,255,255,255,255,33,38,45,255,255,255,255,255,38,255,255,255,255,255,255,255,255,255,255,255,255,255,255,255,255,255,255,255,255,255,255,255,255,255,255,255,255,255,255,255
9,11,17,26,34,154,197,233,17,17,26,26,102,225,232,213,26,17,26,92,154,218,238,218,26,26,34,111,197,238,238,238,26,87,144,218,238,238,238,238,94,137,213,238,238,238,238,238,188,238,238,238,238,238,238,238,238,238,238,238,238,238,238,238
7,11,11,14,34,255,255,255,6,11,14,14,255,255,255,255,14,11,14,19,255,255,255,255,14,14,16,255,255,255,255,255,14,226,255,255,255,255,255,255,242,255,255,255,255,255,255,255,255,255,255,255,255,255,255,255,255,255,255,255,255,255,255,255
