194,194,194,194,194,194,144,144,194,194,194,189,194,144,144,144,194,194,194,144,144,144,144,144,194,144,144,144,144,144,144,144,194,144,144,144,144,144,144,144,144,144,144,144,144,144,144,144,144,144,144,144,144,144,144,144,144,144,144,144,144,144,144,144
173,129,129,173,255,174,115,115,129,129,173,241,119,119,118,118,173,174,174,174,118,118,118,118,173,174,164,118,118,118,118,118,234,118,118,118,118,118,118,118,118,118,118,118,118,118,118,118,118,118,118,118,118,118,118,118,118,118,118,118,118,118,118,118
115,86,86,115,174,174,115,115,86,86,115,160,119,119,118,118,115,118,118,118,118,118,118,118,115,118,164,118,118,118,118,118,164,118,118,118,118,118,118,118,118,118,118,118,118,118,118,118,118,118,118,118,118,118,118,118,118,118,118,118,118,118,118,118
89,69,69,101,169,255,121,121,69,69,101,134,121,121,121,121,101,101,101,169,121,121,121,121,101,101,168,121,121,121,121,121,134,121,121,121,121,121,121,121,121,121,121,121,121,121,121,121,121,121,121,121,121,121,121,121,121,121,121,121,121,121,121,121
73,55,55,73,121,155,100,100,55,55,73,102,100,100,100,100,73,73,73,100,100,100,100,100,73,73,138,100,100,100,100,100,102,100,100,100,100,100,100,100,100,100,100,100,100,100,100,100,100,100,100,100,100,100,100,100,100,100,100,100,100,100,100,100
57,45,45,65,109,164,78,78,45,45,65,86,78,78,78,78,65,65,65,109,78,78,78,78,65,65,108,78,78,78,78,78,86,78,78,78,78,78,78,78,78,78,78,78,78,78,78,78,78,78,78,78,78,78,78,78,78,78,78,78,78,78,78,78
60,41,41,60,100,155,100,100,41,41,60,79,100,100,100,100,60,60,60,100,100,100,100,100,60,60,79,100,100,100,100,100,79,100,100,100,100,100,100,100,100,100,100,100,100,100,100,100,100,100,100,100,100,100,100,100,100,100,100,100,100,100,100,100
44,34,34,51,83,130,121,83,34,34,51,67,83,83,83,83,51,51,51,83,83,83,83,83,51,51,67,83,83,83,83,83,67,83,83,83,83,83,83,83,83,83,83,83,83,83,83,83,83,83,83,83,83,83,83,83,83,83,83,83,83,83,83,83
44,31,31,44,70,130,121,121,31,31,44,59,87,121,121,121,44,44,44,83,121,121,83,83,44,44,59,98,121,121,121,83,59,83,121,121,121,83,83,83,83,83,83,83,83,83,83,83,83,83,83,83,83,83,83,83,83,83,83,83,83,83,83,83
20,24,24,35,58,189,121,121,24,24,35,47,121,121,121,121,35,35,35,121,121,121,121,121,35,35,47,121,121,121,121,121,47,121,121,121,121,121,121,121,121,121,121,121,121,121,121,121,121,121,121,121,121,121,121,121,121,121,121,121,121,121,121,121
15,24,24,35,58,238,255,136,24,24,35,47,136,136,136,136,35,35,35,121,136,136,136,136,35,35,47,136,136,136,136,136,47,136,136,136,136,136,136,136,136,136,136,136,136,136,136,136,136,136,136,136,136,136,136,136,136,136,136,136,136,136,136,136
12,14,14,21,34,110,71,71,14,14,21,28,71,71,71,71,21,21,21,71,71,71,71,71,21,21,28,71,71,71,71,71,28,71,71,71,71,71,71,71,71,71,71,71,71,71,71,71,71,71,71,71,71,71,71,71,71,71,71,71,71,71,71,71
15,11,11,15,23,189,121,121,15,15,15,19,121,121,121,121,15,15,15,23,121,121,121,121,15,19,47,121,121,121,121,121,19,121,121,121,121,121,121,121,121,121,121,121,121,121,121,121,121,121,121,121,121,121,121,121,121,121,121,121,121,121,121,121
12,9,7,12,18,155,199,225,9,9,11,15,100,225,225,215,11,11,12,18,155,220,225,215,11,15,39,111,199,225,225,225,14,83,144,215,225,225,225,225,95,139,215,225,225,225,225,225,187,225,225,225,225,225,225,225,225,225,225,225,225,225,225,225
9,7,7,9,14,139,148,79,9,9,9,12,79,79,79,79,9,9,9,14,79,79,79,79,9,12,36,79,79,79,79,79,12,79,79,79,79,79,79,79,79,79,79,79,79,79,79,79,79,79,79,79,79,79,79,79,79,79,79,79,79,79,79,79
9,7,5,9,14,116,148,148,7,7,9,12,75,148,148,148,9,9,9,14,116,148,148,148,9,12,30,83,148,148,148,148,11,63,108,148,148,148,148,148,71,104,148,148,148,148,148,148,140,148,148,148,148,148,148,148,148,148,148,148,148,148,148,148
7,5,5,7,11,116,148,174,7,7,7,9,75,148,148,148,7,7,7,11,116,161,148,148,7,9,29,83,148,148,148,148,9,63,108,148,148,148,148,148,71,104,148,148,148,148,148,148,140,148,148,148,148,148,148,148,148,148,148,148,148,148,148,148
7,6,4,7,11,90,116,138,6,6,7,9,59,132,169,157,7,7,7,11,114,161,194,157,7,9,23,82,145,213,213,173,9,63,106,157,194,213,213,213,69,102,157,182,213,213,213,213,137,182,213,213,213,213,213,213,202,213,213,213,213,213,213,213
7,5,4,7,10,90,116,138,5,5,6,9,70,158,169,157,6,6,7,10,114,161,194,157,6,9,22,82,145,213,213,173,8,63,106,157,194,213,213,213,69,102,157,182,213,213,213,213,137,182,213,213,213,213,213,213,202,213,213,213,213,213,213,213
5,4,4,5,9,79,101,120,5,5,5,8,70,158,162,151,5,5,5,9,108,154,185,151,5,6,21,77,139,235,216,166,6,58,101,151,185,255,255,208,66,97,151,174,220,255,255,247,131,174,212,235,255,255,255,255,193,247,255,255,255,255,255,255
6,4,3,6,8,66,89,100,4,4,5,7,70,158,162,151,5,5,6,8,108,154,185,151,5,7,17,77,139,235,216,166,6,58,101,151,185,255,255,208,66,97,151,174,220,255,255,247,131,174,212,235,255,255,255,255,193,247,255,255,255,255,255,255
4,3,3,4,6,66,89,100,3,3,4,5,70,158,162,151,4,4,4,6,108,154,185,151,4,5,13,77,139,235,216,166,5,58,101,151,185,255,255,208,66,97,151,174,220,255,255,247,131,174,212,235,255,255,255,255,193,247,255,255,255,255,255,255
1,3,3,3,5,108,139,166,3,3,3,5,70,158,162,151,3,3,3,5,108,154,185,151,3,4,12,77,139,235,216,166,4,58,101,151,185,255,255,208,66,97,151,174,220,255,255,247,131,174,212,235,255,255,255,255,193,247,255,255,255,255,255,255
2,2,2,2,3,66,83,115,2,2,2,3,49,109,141,131,2,2,2,8,95,133,161,131,2,3,3,68,121,176,176,143,3,52,88,131,161,176,176,176,58,85,131,151,176,176,176,176,113,151,176,176,176,176,176,176,168,176,176,176,176,176,176,176
1,1,1,1,2,46,58,80,1,1,1,2,34,76,98,91,1,1,1,5,66,93,112,91,1,2,2,47,84,123,123,100,2,36,61,91,112,123,123,123,40,59,91,105,123,123,123,123,79,105,123,123,123,123,123,123,117,123,123,123,123,123,123,123
1,1,1,1,1,42,53,64,1,1,1,1,70,158,162,151,1,1,1,4,108,154,185,151,1,1,1,77,139,235,216,166,1,58,101,151,185,255,255,208,66,97,151,174,220,255,255,247,131,174,212,235,255,255,255,255,193,247,255,255,255,255,255,255
1,1,1,1,1,22,28,34,1,1,1,1,70,158,162,151,1,1,1,3,108,154,185,151,1,1,1,77,139,235,216,166,1,58,101,151,185,255,255,208,66,97,151,174,220,255,255,247,131,174,212,235,255,255,255,255,193,247,255,255,255,255,255,255
1,1,1,1,1,13,17,20,1,1,1,1,22,49,50,47,1,1,1,2,34,48,57,47,1,1,1,24,43,57,57,51,1,18,32,47,57,57,57,57,21,30,47,54,57,57,57,57,41,54,57,57,57,57,57,57,57,57,57,57,57,57,57,57
1,1,1,1,1,5,6,7,1,1,1,1,3,7,7,6,1,1,1,1,5,6,8,6,1,1,1,4,6,10,9,7,1,3,4,6,8,10,10,9,3,4,6,7,9,10,10,10,6,7,9,10,10,10,10,10,8,10,10,10,10,10,10,10
