255,255,255,255,180,223,255,189,255,255,255,255,255,189,189,189,255,255,255,180,189,189,189,189,255,129,163,189,189,189,189,189,255,163,189,189,189,189,189,189,177,189,189,189,189,189,189,189,189,189,189,189,189,189,189,189,189,189,189,189,189,189,189,189
255,171,161,240,240,223,189,189,189,189,218,240,189,189,189,189,218,208,255,189,189,189,189,189,218,240,163,189,189,189,189,189,240,163,189,189,189,189,189,189,177,189,189,189,189,189,189,189,189,189,189,189,189,189,189,189,189,189,189,189,189,189,189,189
194,130,123,183,183,170,144,98,144,144,166,182,98,138,98,98,166,159,194,228,98,98,98,98,166,164,124,98,98,98,98,98,183,85,98,98,98,98,98,98,92,98,98,98,98,98,98,98,98,98,98,98,98,98,98,98,98,98,98,98,98,98,98,98
80,110,96,153,228,98,98,98,116,116,137,182,98,138,98,98,123,126,153,228,98,98,98,98,137,164,85,98,98,98,98,98,173,85,98,98,98,98,98,98,92,98,98,98,98,98,98,98,98,98,98,98,98,98,98,98,98,98,98,98,98,98,98,98
50,75,88,141,212,143,143,143,107,107,125,167,143,201,143,143,125,115,141,166,143,143,143,143,125,151,136,143,143,143,143,143,159,123,143,143,143,143,143,143,134,143,143,143,143,143,143,143,143,143,143,143,143,143,143,143,143,143,143,143,143,143,143,143
53,73,64,102,152,141,141,141,74,78,91,122,141,141,141,141,81,84,102,152,141,141,141,141,91,110,140,141,141,141,141,141,116,122,141,141,141,141,141,141,133,141,141,141,141,141,141,141,141,141,141,141,141,141,141,141,141,141,141,141,141,141,141,141
48,65,59,92,138,133,133,133,69,69,83,110,133,187,133,133,75,75,92,138,133,133,133,133,83,99,128,133,133,133,133,133,105,115,133,133,133,133,133,133,125,133,133,133,133,133,133,133,133,133,133,133,133,133,133,133,133,133,133,133,133,133,133,133
35,48,43,68,102,98,98,98,51,51,61,81,98,138,98,98,55,55,68,102,98,98,98,98,61,73,94,98,98,98,98,98,77,85,98,98,98,98,98,98,92,98,98,98,98,98,98,98,98,98,98,98,98,98,98,98,98,98,98,98,98,98,98,98
35,43,39,63,92,98,98,98,47,47,55,74,98,138,98,98,55,51,63,92,98,98,98,98,55,66,85,98,98,98,98,98,70,85,98,98,98,98,98,98,92,98,98,98,98,98,98,98,98,98,98,98,98,98,98,98,98,98,98,98,98,98,98,98
31,38,35,56,81,98,98,98,42,42,49,66,98,138,98,98,49,45,56,92,98,98,98,98,49,59,75,98,98,98,98,98,62,85,98,98,98,98,98,98,92,98,98,98,98,98,98,98,98,98,98,98,98,98,98,98,98,98,98,98,98,98,98,98
22,31,27,43,65,255,255,148,33,33,39,52,195,255,148,148,35,35,43,172,255,255,148,148,39,47,60,187,148,148,148,148,49,141,237,148,148,148,148,148,154,148,148,148,148,148,148,148,255,148,148,148,148,148,148,148,148,148,148,148,148,148,148,148
22,27,25,39,57,255,255,148,27,30,34,45,195,255,148,148,34,33,39,163,255,255,148,148,34,41,52,187,148,148,148,148,43,141,237,148,148,148,148,148,154,148,148,148,148,148,148,148,255,148,148,148,148,148,148,148,148,148,148,148,148,148,148,148
27,18,17,27,85,142,180,187,20,20,23,32,92,187,187,187,23,22,27,40,142,187,187,187,23,28,37,104,180,187,187,187,30,78,132,187,187,187,187,187,85,125,187,187,187,187,187,187,173,187,187,187,187,187,187,187,187,187,187,187,187,187,187,187
25,17,15,25,115,192,244,253,18,18,21,28,125,253,253,253,21,21,25,36,192,253,253,253,21,25,32,141,244,253,253,253,28,106,179,253,253,253,253,253,115,169,253,253,253,253,253,253,234,253,253,253,253,253,253,253,253,253,253,253,253,253,253,253
19,19,19,19,57,255,255,255,19,19,19,38,176,255,255,255,19,19,19,38,255,255,255,255,19,19,38,255,255,255,255,255,38,255,255,255,255,255,255,255,255,255,255,255,255,255,255,255,255,255,255,255,255,255,255,255,255,255,255,255,255,255,255,255
11,15,13,21,32,123,123,72,16,16,19,25,94,123,72,72,17,17,21,83,123,123,72,72,19,23,29,90,72,72,72,72,24,68,114,72,72,72,72,72,74,72,72,72,72,72,72,72,123,72,72,72,72,72,72,72,72,72,72,72,72,72,72,72
11,13,13,19,28,123,123,72,13,15,17,22,94,123,72,72,17,16,19,79,123,123,72,72,17,20,25,90,72,72,72,72,21,68,114,72,72,72,72,72,74,72,72,72,72,72,72,72,123,72,72,72,72,72,72,72,72,72,72,72,72,72,72,72
11,11,11,11,31,145,187,170,11,11,11,21,96,240,240,215,11,11,11,21,170,215,255,215,11,11,21,123,192,255,255,240,21,101,145,215,255,255,255,255,101,145,215,240,255,255,255,255,192,240,255,255,255,255,255,255,255,255,255,255,255,255,255,255
9,9,9,9,26,121,157,142,9,9,9,17,80,201,201,180,9,9,9,17,142,180,219,180,9,9,17,103,161,255,255,201,17,84,121,180,219,255,255,238,84,121,180,201,255,255,255,255,161,201,255,255,255,255,255,255,238,255,255,255,255,255,255,255
7,7,7,7,26,121,157,142,7,7,7,14,80,201,201,180,7,7,7,14,142,180,219,180,7,7,14,103,161,255,255,201,14,84,121,180,219,255,255,238,84,121,180,201,255,255,255,255,161,201,255,255,255,255,255,255,238,255,255,255,255,255,255,255
5,5,5,5,17,77,100,90,5,5,5,10,51,128,128,115,5,5,5,10,90,115,139,115,5,5,10,66,103,159,159,128,10,54,77,115,139,159,159,151,54,77,115,128,159,159,159,159,103,128,159,159,159,159,159,159,151,159,159,159,159,159,159,159
5,4,4,5,11,44,68,80,4,4,5,7,38,80,80,74,5,5,5,8,55,80,91,74,5,5,7,43,68,116,104,80,7,32,49,74,91,140,133,104,38,49,74,85,110,133,146,121,68,85,104,116,133,158,158,133,97,121,127,127,146,133,133,127
3,3,3,3,9,43,56,67,3,3,3,6,28,101,101,91,3,3,3,6,71,91,111,91,3,3,6,51,81,141,131,101,6,41,61,91,111,171,161,121,41,61,91,101,131,171,181,151,81,101,131,141,161,191,191,161,121,151,151,161,181,161,161,161
3,2,2,3,7,28,43,51,2,2,3,4,24,51,51,47,3,3,3,5,71,91,111,91,3,3,4,51,81,141,131,101,4,41,61,91,111,171,161,121,41,61,91,101,131,171,181,151,81,101,131,141,161,191,191,161,121,151,151,161,181,161,161,161
2,2,2,2,12,39,44,55,2,2,2,3,23,55,55,49,2,2,2,3,42,53,65,53,2,2,3,30,47,82,76,59,3,24,36,53,65,100,94,71,24,36,53,59,76,100,105,88,47,59,76,82,94,111,111,94,71,88,88,94,105,94,94,94
1,1,1,1,4,12,15,18,1,1,1,3,23,55,55,49,1,1,1,3,39,49,60,49,1,1,3,28,44,76,70,55,3,23,34,49,60,93,87,66,23,34,49,55,70,93,97,81,44,55,70,76,87,103,103,87,66,81,81,87,97,87,87,87
1,1,1,1,3,9,11,13,1,1,1,2,6,23,23,22,1,1,1,2,15,23,27,22,1,1,2,13,19,33,29,23,2,9,14,22,27,41,38,29,10,14,22,24,32,38,42,36,19,24,29,33,38,46,46,38,28,36,37,37,42,38,38,37
1,1,1,1,1,2,3,3,1,1,1,1,2,23,23,22,1,1,1,1,15,23,27,22,1,1,1,13,19,33,29,23,1,9,14,22,27,41,38,29,10,14,22,24,32,38,42,36,19,24,29,33,38,46,46,38,28,36,37,37,42,38,38,37
